29
25
29
29
17
29
17
17
20
20
20
18
19
19
18
19
19
19
19
13
13
13
13
13
13
12
12
12
25
25
25
29
25
29
29
17
17
17
17
17
19
18
18
18
18
18
19
19
19
19
13
13
13
13
13
12
12
12
12
12
12
12
29
29
29
29
17
17
17
17
17
19
18
18
18
18
18
19
19
19
19
13
13
13
13
13
12
13
12
12
12
12
12
29
29
25
29
17
17
17
17
17
19
18
18
18
18
19
19
19
19
14
19
13
14
14
13
13
13
2
10
12
12
12
29
29
20
29
29
29
29
29
29
29
26
26
26
26
19
19
19
14
19
14
14
14
14
13
13
13
2
10
10
10
10
29
29
29
29
29
29
29
29
29
29
26
26
16
16
16
19
19
14
14
14
14
14
14
13
13
10
10
10
10
10
10
29
29
29
29
29
29
29
29
29
26
26
26
26
16
16
16
16
15
14
14
14
14
8
8
8
10
10
10
10
11
11
28
29
28
28
28
29
29
28
28
26
26
26
16
16
16
16
16
15
14
14
14
14
8
8
8
8
11
11
11
11
11
28
28
28
28
29
29
28
28
28
26
26
26
26
16
16
16
16
15
3
3
3
14
7
7
8
8
8
11
11
11
11
28
25
28
28
28
28
28
28
28
28
26
26
16
16
16
16
16
15
15
3
3
7
7
7
7
8
8
8
11
11
11
28
28
28
28
28
28
28
28
28
26
26
26
26
16
16
15
15
15
15
3
3
7
7
7
7
7
9
9
9
11
11
28
28
28
28
28
28
28
28
28
26
26
26
26
15
15
15
15
15
15
3
3
3
3
7
7
7
9
9
9
9
11
28
28
28
28
27
28
28
27
27
26
26
26
15
15
15
15
15
15
3
3
3
3
4
3
7
7
9
9
9
9
9
25
28
28
27
27
21
27
27
27
27
25
25
25
15
37
37
15
15
3
3
3
4
4
4
8
8
9
9
9
9
9
25
27
27
27
27
27
27
27
27
27
26
25
25
37
37
37
37
37
4
4
4
4
4
4
4
8
8
9
5
9
9
25
27
27
27
27
27
27
27
27
27
25
27
25
37
37
37
37
37
37
35
4
4
4
4
4
8
8
5
5
5
5
25
27
27
27
27
27
27
27
27
27
27
27
37
37
37
35
35
35
35
35
35
2
2
4
4
4
5
5
5
5
5
27
27
27
27
24
23
23
23
23
27
27
27
37
37
37
37
37
37
35
35
35
2
2
2
0
0
5
5
5
5
5
27
27
27
24
23
23
23
23
27
27
27
27
38
38
38
38
37
35
35
35
35
2
2
2
0
0
0
5
5
5
5
27
27
24
24
23
23
23
23
23
38
38
38
38
38
38
38
35
39
35
35
35
2
2
2
2
0
0
6
6
6
5
27
24
24
24
24
23
23
27
27
38
27
38
38
38
38
35
35
39
35
35
35
35
2
2
2
0
0
6
6
6
6
24
24
24
24
22
22
22
22
22
22
39
39
39
39
39
39
35
35
35
36
35
35
35
2
2
0
0
0
6
6
6
24
24
24
24
22
22
25
25
22
25
25
39
25
25
25
25
36
36
35
35
35
36
36
2
32
0
0
0
6
6
6
24
24
24
22
22
22
22
22
22
39
39
39
39
39
39
36
36
36
36
36
36
25
36
32
32
34
34
0
0
6
6
24
21
21
22
20
20
22
20
20
39
39
30
30
30
36
36
36
36
36
36
36
32
32
32
32
34
34
1
1
6
6
21
21
21
21
20
20
20
22
20
30
30
30
30
30
36
36
36
36
36
36
36
20
32
32
32
34
34
1
1
1
6
21
21
21
20
20
20
20
20
30
30
30
30
30
30
36
36
36
36
36
36
36
32
32
32
32
34
34
1
1
1
1
21
21
21
20
20
20
20
20
31
31
30
30
30
30
30
32
32
32
32
32
32
25
32
32
32
34
34
1
1
1
1
20
20
21
20
20
20
20
20
31
31
31
31
31
33
33
33
33
33
33
33
33
33
32
34
32
34
34
1
1
1
1
21
21
20
20
20
20
20
31
31
31
31
31
31
33
33
33
33
33
33
33
33
33
34
34
32
34
34
1
1
1
1
21
20
21
20
20
20
20
31
31
31
31
31
31
33
33
33
33
33
33
33
33
33
33
34
34
34
34
1
1
1
1
